>----------------- Matrix A -----------------<

[	732	1159	1643	773	1012	]
[	1163	754	1035	1169	887	]
[	1223	1362	1698	1228	1191	]
[	769	1093	923	1107	1214	]
[	1566	934	700	1548	1592	]


>----------------- Matrix V -----------------<

[	0.43071	-0.378161	0.616071	-0.35766	0.404993	]
[	0.41504	0.27882	-0.434981	0.25361	0.70461	]
[	0.469054	0.745589	0.305889	-0.0921325	-0.349328	]
[	0.457131	-0.385018	0.0817825	0.726959	-0.328078	]
[	0.461791	-0.274066	-0.57532	-0.520388	-0.331422	]


>----------------- Matrix S -----------------<

[	5742.71	0	0	0	0	]
[	0	1169.51	0	0	0	]
[	0	0	453.535	0	0	]
[	0	0	0	169.292	0	]
[	0	0	0	0	90.2976	]


>----------------- Matrix U -----------------<

[	0.415773	0.595433	-0.153482	-0.49583	-0.552077	]
[	0.390638	-0.129173	0.640314	0.40248	-0.407164	]
[	0.522375	0.328391	0.210861	0.144608	0.711239	]
[	0.3978	-0.0485741	-0.721543	0.532271	-0.0706556	]
[	0.493371	-0.720121	-0.0368061	-0.5366	0.136289	]


>----------------- Matrix USVt -----------------<

[	732	1159	1643	773	1012	]
[	1163	754	1035	1169	887	]
[	1223	1362	1698	1228	1191	]
[	769	1093	923	1107	1214	]
[	1566	934	700	1548	1592	]


Result: U*S*T(V) ~= A
Duration: 88 sec

Duration: 88112 millis

Duration: 88112615000 nano

